['5f88f60a5b294bf08e8fccdd425db39c', 2340.828439950943, -0.22048326124878187, 4, 0.29, 0.01, 0.3, 0.01, 0.03, 0.01, 0.3, 0.01]
['6ac4a5699ace4adab86f9be981f98334', 398.69727182388306, -0.22048326124878187, 4, 0.29, 0.15, 0.3, 0.01, 0.03, 0.01, 0.1, 0.01]
['9364fc3e6b9144cf9dbf8423fb9501e4', 398.01375794410706, -0.22048326124878187, 4, 0.29, 0.15, 0.3, 0.01, 0.03, 0.01, 0.1, 0.01]
['4546cfc69bde497191abc79c347edd42', 259.233038187027, -0.2209963475914498, 4, 0.3, 0.25, 0.4, 0.01, 0.03, 0.01, 0.1, 0.01]
['12d613aec6c6456c9803263452f2e7fc', 272.4572741985321, -0.2209963475914498, 4, 0.3, 0.25, 0.4, 0.01, 0.03, 0.01, 0.1, 0.01]
['c8185e98e3ab44038176457c592a52c8', 98.90983891487122, -0.2252397450826677, 0, 0.25, 0.25, 0.35, 0.01, 0.25, 0.25, 0.35, 0.01]
['08e83a9b09e94e5b91288dc40f7c833d', 51.61821103096008, -0.2198051866760649, 5, 0.34, 0.25, 0.35, 0.01, 0.025, 0.025, 0.035, 0.01]
['30ab2ee3951f4a789d786acda18ac693', 108.84135818481445, -0.2209963475914498, 4, 0.3, 0.2, 0.4, 0.01, 0.03, 0.02, 0.04, 0.01]
['1152014c786242fba9313c89dfa1a8ba', 177.75610280036926, -0.2211231130271876, 3, 0.37, 0.2, 0.4, 0.01, 0.025, 0.02, 0.04, 0.005]
['daf8c18d25ac47aba223b15dda81b401', 209.30350303649902, -0.2211231130271876, 3, 0.37, 0.2, 0.41, 0.01, 0.025, 0.02, 0.045, 0.005]
['ac6b3a9d450747798857a03fd8ab9f57', 210.40775203704834, -0.2211231130271876, 3, 0.37, 0.2, 0.41, 0.01, 0.025, 0.02, 0.045, 0.005]
['93cae267c34f4f60885bea29bf679d9b', 363.19660806655884, -0.22066885276165857, 3, 0.46, 0.2, 0.51, 0.01, 0.02, 0.02, 0.055, 0.005]
['8bed91b536da4d6197f1ea5363f6d19e', 1258.3850092887878, -0.21987942938249716, 3, 0.6, 0.2, 0.61, 0.01, 0.015, 0.005, 0.055, 0.005]
['59b34aea5a13475b8bd6e8f50e19d619', 1567.2633049488068, -0.22014977428659518, 3, 0.61, 0.2, 0.81, 0.01, 0.015, 0.005, 0.055, 0.005]
['64ab58fe68c140f5af2162d9e84d85c8', 2026.3863999843597, -0.21971035859388596, 2, 0.92, 0.2, 0.96, 0.01, 0.01, 0.005, 0.075, 0.005]
['1e8a98b4d502466098855a41a4f5ccfe', 2413.7144548892975, -0.21971035859388596, 2, 0.92, 0.2, 1.0, 0.01, 0.01, 0.005, 0.1, 0.005]

Reran the model with normalisation but without standardisation, got the same answer
['56d99ed080a741a590e255abc200799c', 2654.350991010666, -0.21971035859388602, 2, 0.92, 0.2, 1.0, 0.01, 0.01, 0.005, 0.105, 0.005]